# Peak=1, center=500, width=50
0.000000000000000000e+00 1.599950938191704516e-02
1.000000000000000000e+01 3.424222998293918047e-02
2.000000000000000000e+01 1.014303815827236575e-02
3.000000000000000000e+01 3.046015181937565281e-03
4.000000000000000000e+01 6.233642594224997509e-03
5.000000000000000000e+01 9.773116987039736497e-03
6.000000000000000000e+01 1.721917731260612936e-03
7.000000000000000000e+01 1.293158056234147008e-02
8.000000000000000000e+01 2.409863889207441295e-02
9.000000000000000000e+01 7.954962608816085537e-03
1.000000000000000000e+02 3.258565989318925986e-04
1.100000000000000000e+02 6.784080860864190321e-03
1.200000000000000000e+02 2.596188589634279217e-02
1.300000000000000000e+02 1.766800306823506153e-02
1.400000000000000000e+02 5.051020385274323371e-02
1.500000000000000000e+02 4.481437499699189586e-03
1.600000000000000000e+02 1.169911935758564253e-02
1.700000000000000000e+02 7.265131839936468661e-03
1.800000000000000000e+02 3.141697957751530580e-03
1.900000000000000000e+02 1.414234803548069554e-02
2.000000000000000000e+02 1.910100868545949043e-02
2.100000000000000000e+02 5.372361524497937940e-02
2.200000000000000000e+02 3.661097833606279106e-02
2.300000000000000000e+02 3.223829275837742508e-02
2.400000000000000000e+02 5.827327157521172696e-02
2.500000000000000000e+02 1.708496052920186609e-02
2.600000000000000000e+02 3.302761527392221886e-03
2.700000000000000000e+02 1.125045836248836752e-03
2.800000000000000000e+02 5.567773522266757785e-02
2.900000000000000000e+02 3.272911666996424114e-03
3.000000000000000000e+02 8.716779133584812156e-02
3.100000000000000000e+02 3.453456649588917959e-02
3.200000000000000000e+02 3.840572760782417355e-02
3.300000000000000000e+02 3.603919569741767526e-02
3.400000000000000000e+02 2.722578032640550760e-01
3.500000000000000000e+02 1.683850115014512705e-01
3.600000000000000000e+02 2.221934513354027196e-01
3.700000000000000000e+02 1.764439089636036517e-01
3.800000000000000000e+02 6.450595413185278293e-02
3.900000000000000000e+02 4.444036414082220832e-01
4.000000000000000000e+02 8.905280662469661213e-02
4.100000000000000000e+02 7.674848381636668881e-02
4.200000000000000000e+02 4.388542463467499655e-01
4.300000000000000000e+02 1.109872476111721129e+00
4.400000000000000000e+02 2.115185052263223175e-01
4.500000000000000000e+02 1.949083712044137051e-01
4.600000000000000000e+02 3.886209234429364168e-01
4.700000000000000000e+02 1.029137415625126950e+00
4.800000000000000000e+02 1.311295854187354060e+00
4.900000000000000000e+02 1.194255919770539798e+00
5.000000000000000000e+02 5.468552824614215657e-01
5.100000000000000000e+02 6.267037595556995688e-01
5.200000000000000000e+02 1.119395020186664813e-01
5.300000000000000000e+02 1.767553035209169510e-01
5.400000000000000000e+02 1.784831785387511749e-01
5.500000000000000000e+02 1.174975571775176142e-01
5.600000000000000000e+02 5.891575085369289005e-02
5.700000000000000000e+02 1.808994175189942710e-01
5.800000000000000000e+02 3.024313051813040665e-01
5.900000000000000000e+02 4.611820529463452750e-02
6.000000000000000000e+02 4.401092141105019673e-01
6.100000000000000000e+02 6.730057216020023103e-02
6.200000000000000000e+02 5.374237056130106230e-03
6.300000000000000000e+02 1.447330828801518809e-01
6.400000000000000000e+02 2.618548532933731576e-02
6.500000000000000000e+02 2.105089550023442682e-02
6.600000000000000000e+02 6.526520758545165113e-02
6.700000000000000000e+02 2.016539349789365707e-02
6.800000000000000000e+02 1.460394640733917067e-02
6.900000000000000000e+02 5.014616962136434625e-02
7.000000000000000000e+02 4.611837696239896867e-02
7.100000000000000000e+02 4.161889897562595642e-02
7.200000000000000000e+02 6.696670093839928936e-03
7.300000000000000000e+02 2.197105101572170358e-02
7.400000000000000000e+02 3.018473380752249857e-02
7.500000000000000000e+02 1.106119041072671852e-02
7.600000000000000000e+02 2.169841001553224347e-02
7.700000000000000000e+02 4.522402605234700917e-02
7.800000000000000000e+02 1.890111318877263358e-02
7.900000000000000000e+02 1.193922469474729131e-01
8.000000000000000000e+02 2.032769350816476112e-02
8.100000000000000000e+02 7.074731447253843238e-03
8.200000000000000000e+02 5.460039016585904043e-02
8.300000000000000000e+02 3.969739690750766908e-02
8.400000000000000000e+02 1.932394664944470444e-02
8.500000000000000000e+02 2.307941828257414202e-02
8.600000000000000000e+02 3.698267552664427638e-02
8.700000000000000000e+02 1.681316129200619361e-02
8.800000000000000000e+02 2.546483138991731052e-02
8.900000000000000000e+02 9.522199958175390014e-03
9.000000000000000000e+02 2.432926217334048947e-03
9.100000000000000000e+02 3.204681171749103135e-04
9.200000000000000000e+02 2.331362275317409513e-02
9.300000000000000000e+02 2.054757713784533327e-02
9.400000000000000000e+02 9.906372153871410499e-03
9.500000000000000000e+02 2.541007955040996882e-03
9.600000000000000000e+02 3.442562730510458080e-02
9.700000000000000000e+02 5.449609345815157116e-03
9.800000000000000000e+02 7.464732513628811322e-04
9.900000000000000000e+02 6.959299646628542765e-03
1.000000000000000000e+03 2.403595556569389658e-03
