4.695476192547065608e-01 3.941352851860201456e-01 1.000000000000000056e-01
1.142745862503102838e+00 -3.988777427103379347e-01 1.000000000000000056e-01
1.171408418500197168e+00 -5.393769338083322928e-01 1.000000000000000056e-01
1.203622289765426956e+00 -5.600299218479983798e-01 1.000000000000000056e-01
1.323685775889948957e+00 -4.160112921890361526e-01 1.000000000000000056e-01
1.560606444682821614e+00 -3.505735716550972270e-01 1.000000000000000056e-01
1.632850268370789060e+00 -2.585983868134102970e-01 1.000000000000000056e-01
1.642962959147420410e+00 -2.618356699762688367e-01 1.000000000000000056e-01
1.852179446061397172e+00 3.847757099610455978e-01 1.000000000000000056e-01
1.878980043635514185e+00 4.800617136203371160e-01 1.000000000000000056e-01
1.919319830933352566e+00 5.166585863792719779e-01 1.000000000000000056e-01
2.010754618749355238e+00 7.481542384872010842e-01 1.000000000000000056e-01
2.021839744032571939e+00 5.126610991851344723e-01 1.000000000000000056e-01
2.065099946572868106e+00 8.589489361102272680e-01 1.000000000000000056e-01
2.467872839133122831e+00 1.720115512753610076e+00 1.000000000000000056e-01
2.566271805453157473e+00 1.851225443348401223e+00 1.000000000000000056e-01
3.183892953130784687e+00 2.105292305641063511e+00 1.000000000000000056e-01
3.307459147550562140e+00 1.820512497185560186e+00 1.000000000000000056e-01
3.330462654669619216e+00 2.058779897041837614e+00 1.000000000000000056e-01
3.536243575549091744e+00 2.409506127770221884e+00 1.000000000000000056e-01
3.918779225432067470e+00 2.983636508921736485e+00 1.000000000000000056e-01
4.461230125411407954e+00 2.812364507209366593e+00 1.000000000000000056e-01
4.600731088729692608e+00 2.706395187085122611e+00 1.000000000000000056e-01
5.342718178682526187e+00 3.422074301576015776e-01 1.000000000000000056e-01
5.433798833925362892e+00 3.737496227388299730e-02 1.000000000000000056e-01
5.537432042119794673e+00 1.031736740052420498e-03 1.000000000000000056e-01
5.684807643324029769e+00 -1.278257372749302956e-01 1.000000000000000056e-01
5.802916032387561707e+00 -3.303177436552438007e-01 1.000000000000000056e-01
5.835635898058866289e+00 -2.840717345764904866e-01 1.000000000000000056e-01
6.022547162926983333e+00 -5.762100102959183401e-01 1.000000000000000056e-01
6.271295202334570718e+00 -1.078072713118629400e+00 1.000000000000000056e-01
6.395526612098112906e+00 -1.466269746536135621e+00 1.000000000000000056e-01
6.414749634878436524e+00 -1.411572083916276421e+00 1.000000000000000056e-01
6.530420715178020252e+00 -1.718779242354693704e+00 1.000000000000000056e-01
6.724963146324858698e+00 -2.239721233679961898e+00 1.000000000000000056e-01
6.807407397472021060e+00 -2.573968056409468907e+00 1.000000000000000056e-01
6.916699545513804281e+00 -2.792632195625722957e+00 1.000000000000000056e-01
7.086977818420836073e+00 -3.242669729847243332e+00 1.000000000000000056e-01
7.103605819788693765e+00 -3.244908274587399610e+00 1.000000000000000056e-01
7.695644698663272720e+00 -2.805230608298318717e+00 1.000000000000000056e-01
7.952208258675574903e+00 -2.436484940305253755e+00 1.000000000000000056e-01
8.110138998799676813e+00 -2.042254246068607948e+00 1.000000000000000056e-01
8.342243544201854988e+00 -1.965398523715424117e+00 1.000000000000000056e-01
8.712929970154071668e+00 -2.170821692588165153e+00 1.000000000000000056e-01
8.960303423860537464e+00 -2.282502783608385322e+00 1.000000000000000056e-01
9.394051075844167542e+00 -1.818020535270377103e+00 1.000000000000000056e-01
9.609840789396306704e+00 -1.747746931300693030e+00 1.000000000000000056e-01
9.710127579306126577e+00 -1.785286559692121244e+00 1.000000000000000056e-01
9.784448449403404524e+00 -1.463514175713083842e+00 1.000000000000000056e-01
9.961493022127132946e+00 -1.394704495860190852e+00 1.000000000000000056e-01
1.002268873123011161e+01 -1.449684011004896078e+00 1.000000000000000056e-01
1.002939422654978152e+01 -1.498114428056328107e+00 1.000000000000000056e-01
1.020448107480280697e+01 -1.602558251805130007e+00 1.000000000000000056e-01
1.059061548822322152e+01 -2.409821168110698242e+00 1.000000000000000056e-01
1.103751411643051306e+01 -3.452487614331881005e+00 1.000000000000000056e-01
1.154842971387480866e+01 -3.164315875628694208e+00 1.000000000000000056e-01
1.175318559620330916e+01 -3.329023442244086972e+00 1.000000000000000056e-01
1.182744258689332284e+01 -3.260849052620106381e+00 1.000000000000000056e-01
1.187277189542440503e+01 -3.385043778737641507e+00 1.000000000000000056e-01
1.201965612131689021e+01 -3.087867961989892329e+00 1.000000000000000056e-01
1.238199828494415122e+01 -3.433646619978595993e+00 1.000000000000000056e-01
1.288605654663201960e+01 -3.145722641763583294e+00 1.000000000000000056e-01
1.289262976548533146e+01 -3.108422377276484294e+00 1.000000000000000056e-01
1.310552312152577414e+01 -2.634949274883469528e+00 1.000000000000000056e-01
1.312893284732560240e+01 -2.314603530014727628e+00 1.000000000000000056e-01
1.314827992911276056e+01 -2.324107485372644444e+00 1.000000000000000056e-01
1.317978624043921698e+01 -2.181121416320590090e+00 1.000000000000000056e-01
1.320681063451533177e+01 -2.302029020272149396e+00 1.000000000000000056e-01
1.324876347579829705e+01 -1.939317490635033892e+00 1.000000000000000056e-01
1.354740642224502345e+01 -6.865765228389464347e-01 1.000000000000000056e-01
1.369002716855989377e+01 -1.852350494734734954e-02 1.000000000000000056e-01
1.381829513486137984e+01 5.346218278424813564e-01 1.000000000000000056e-01
1.433532874090463949e+01 1.700345147681203040e+00 1.000000000000000056e-01
1.448477593433772270e+01 1.969499555105256539e+00 1.000000000000000056e-01
1.469466454003750577e+01 2.409051567482622946e+00 1.000000000000000056e-01
1.481408609481650274e+01 2.270843316048328120e+00 1.000000000000000056e-01
1.494483046579937380e+01 2.967898768913257435e+00 1.000000000000000056e-01
1.523547056877304584e+01 3.638038012485032446e+00 1.000000000000000056e-01
1.589695836455197231e+01 4.634755606041423448e+00 1.000000000000000056e-01
1.594144634489559387e+01 4.633825479353244070e+00 1.000000000000000056e-01
1.605388224852564250e+01 4.377109452722295124e+00 1.000000000000000056e-01
1.613095178849962608e+01 4.308507123387705917e+00 1.000000000000000056e-01
1.624929346763748228e+01 4.185494147978804591e+00 1.000000000000000056e-01
1.629544260466053629e+01 4.086446036293923889e+00 1.000000000000000056e-01
1.646941564979127293e+01 3.744559955297482645e+00 1.000000000000000056e-01
1.716296772614405342e+01 2.248944600093249591e+00 1.000000000000000056e-01
1.718530990476430276e+01 2.179557034907416035e+00 1.000000000000000056e-01
1.796036775596348178e+01 1.467546541803874005e+00 1.000000000000000056e-01
1.811509617369030423e+01 1.060810887585402096e+00 1.000000000000000056e-01
1.831913620071168225e+01 6.645400159040956156e-01 1.000000000000000056e-01
1.832798362140785997e+01 6.906607459090244872e-01 1.000000000000000056e-01
1.852323252361839323e+01 2.803259297690005591e-01 1.000000000000000056e-01
1.856359443059522008e+01 3.395351558885977283e-01 1.000000000000000056e-01
1.861930058803361732e+01 1.476153489237047034e-01 1.000000000000000056e-01
1.871308917508447323e+01 8.068031519742879798e-02 1.000000000000000056e-01
1.898479119027579642e+01 2.081679563889956286e-01 1.000000000000000056e-01
1.965823616800534879e+01 1.256553000215108185e+00 1.000000000000000056e-01
1.970542801856396409e+01 1.301223977545604260e+00 1.000000000000000056e-01
1.999965248964000608e+01 1.332309666594917008e+00 1.000000000000000056e-01
4.012595008036087307e+01 5.876561303143810200e-01 1.000000000000000056e-01
4.017135353795986674e+01 6.012665826233325461e-01 1.000000000000000056e-01
4.067333458357482812e+01 1.249849784838916289e+00 1.000000000000000056e-01
4.071832972259996808e+01 1.393820222081579630e+00 1.000000000000000056e-01
4.072411714138073080e+01 1.120300674407071595e+00 1.000000000000000056e-01
4.090540953730615570e+01 1.461427838635463772e+00 1.000000000000000056e-01
4.142629945146699555e+01 1.218554568395910254e+00 1.000000000000000056e-01
4.146619399905235781e+01 1.222851150504109752e+00 1.000000000000000056e-01
4.148568693335640489e+01 1.211012937014941171e+00 1.000000000000000056e-01
4.174863747960117877e+01 1.298484624949468369e+00 1.000000000000000056e-01
4.205394666800984282e+01 1.765900053639908762e+00 1.000000000000000056e-01
4.236547993389046951e+01 2.802305807867321974e+00 1.000000000000000056e-01
4.238550485581797034e+01 3.009570638879288662e+00 1.000000000000000056e-01
4.240322518898419446e+01 2.888021440259675110e+00 1.000000000000000056e-01
4.240889884358492878e+01 2.909737041363352539e+00 1.000000000000000056e-01
4.246854687515062210e+01 3.006857597563732387e+00 1.000000000000000056e-01
4.287687009457661702e+01 3.743855576372720151e+00 1.000000000000000056e-01
4.287957224982378079e+01 3.803324689570847461e+00 1.000000000000000056e-01
4.304024395080612209e+01 3.703685610584440457e+00 1.000000000000000056e-01
4.314184354339739258e+01 3.611662645225074630e+00 1.000000000000000056e-01
4.344166255581207992e+01 3.261594457739507735e+00 1.000000000000000056e-01
4.358649252656267947e+01 2.904634242597382343e+00 1.000000000000000056e-01
4.370319537993414372e+01 2.868848441159744578e+00 1.000000000000000056e-01
4.375872112626925059e+01 2.865256327654319257e+00 1.000000000000000056e-01
4.386015134623203693e+01 2.830785396803349396e+00 1.000000000000000056e-01
4.471253786176273337e+01 1.832735009495775058e+00 1.000000000000000056e-01
4.492916486877381033e+01 1.256547374629928937e+00 1.000000000000000056e-01
4.518216826697596389e+01 1.347577548501484035e-01 1.000000000000000056e-01
4.535426826780688714e+01 -8.352571932590622250e-01 1.000000000000000056e-01
4.536968445560452778e+01 -9.232813149810752407e-01 1.000000000000000056e-01
4.541623969075517664e+01 -1.026056742652311060e+00 1.000000000000000056e-01
4.554441494500269982e+01 -1.379374256844199786e+00 1.000000000000000056e-01
4.561405668004796610e+01 -1.717905528203816257e+00 1.000000000000000056e-01
4.561503322165485486e+01 -1.773744050305905873e+00 1.000000000000000056e-01
4.569114216457658273e+01 -1.774438516800954213e+00 1.000000000000000056e-01
4.572234533538570389e+01 -1.979086833660301137e+00 1.000000000000000056e-01
4.581388272600428735e+01 -2.433800982170653882e+00 1.000000000000000056e-01
4.586039617685858616e+01 -2.248986690152433798e+00 1.000000000000000056e-01
4.598558837560074153e+01 -2.381765580978187025e+00 1.000000000000000056e-01
4.614793622529318640e+01 -2.508918180766912531e+00 1.000000000000000056e-01
4.635754243648106865e+01 -2.535390259357511944e+00 1.000000000000000056e-01
4.663107728563063148e+01 -2.711614059947654809e+00 1.000000000000000056e-01
4.686512016477016118e+01 -3.090467972907925187e+00 1.000000000000000056e-01
4.783703070399880630e+01 -3.109425325881529201e+00 1.000000000000000056e-01
4.856275959346228888e+01 -1.345389849352260248e+00 1.000000000000000056e-01
4.880562806489545835e+01 -1.192883164698078424e+00 1.000000000000000056e-01
4.903053465487371199e+01 -1.329724602694199564e+00 1.000000000000000056e-01
4.904588086175670725e+01 -1.170354491911349104e+00 1.000000000000000056e-01
4.973913654986626653e+01 -1.446695033082089576e+00 1.000000000000000056e-01
5.013243819267022872e+01 -1.214050476316856919e+00 1.000000000000000056e-01
5.023894574892614173e+01 -1.202153098927218888e+00 1.000000000000000056e-01
5.058663838253083611e+01 -1.425493245032763756e+00 1.000000000000000056e-01
5.100168523182502156e+01 -2.362285721340912303e+00 1.000000000000000056e-01
5.113189825464560556e+01 -3.024767738556687124e+00 1.000000000000000056e-01
5.173085172022887690e+01 -3.372014444488447005e+00 1.000000000000000056e-01
5.173791071541141662e+01 -3.458722406467635846e+00 1.000000000000000056e-01
5.182007139306632837e+01 -3.511648634903870025e+00 1.000000000000000056e-01
5.188351488315260696e+01 -3.437839929077003198e+00 1.000000000000000056e-01
5.210366062041293134e+01 -2.997132158391569767e+00 1.000000000000000056e-01
5.218483217500716620e+01 -2.758484240766814644e+00 1.000000000000000056e-01
5.232480534666996874e+01 -2.552646339935186415e+00 1.000000000000000056e-01
5.288949197529044710e+01 -2.407502582464494889e+00 1.000000000000000056e-01
5.356328030249583350e+01 -1.131007466979948806e+00 1.000000000000000056e-01
5.361774947034520267e+01 -9.016215596435817048e-01 1.000000000000000056e-01
5.365792111087222338e+01 -8.577550504388585795e-01 1.000000000000000056e-01
5.438059500773263721e+01 1.495382490905355688e+00 1.000000000000000056e-01
5.448831829968968776e+01 1.824879773905507818e+00 1.000000000000000056e-01
5.468849016694221632e+01 1.905125992679158164e+00 1.000000000000000056e-01
5.488135039273247173e+01 1.881753810556595408e+00 1.000000000000000056e-01
5.520782766919708706e+01 1.635678739487363309e+00 1.000000000000000056e-01
5.521924699224065591e+01 1.418113352347329492e+00 1.000000000000000056e-01
5.546878086614189840e+01 2.012966889085269440e+00 1.000000000000000056e-01
5.573687913239169234e+01 1.890528248797786137e+00 1.000000000000000056e-01
5.654213118585089859e+01 1.543910392514263874e+00 1.000000000000000056e-01
5.666014542065751414e+01 1.456836188483052741e+00 1.000000000000000056e-01
5.680445610939322876e+01 8.263706376471031678e-01 1.000000000000000056e-01
5.684339488686484998e+01 7.755436784443221487e-01 1.000000000000000056e-01
5.691007386145933111e+01 3.447775591395817463e-01 1.000000000000000056e-01
5.699649107012648841e+01 9.759362034010532483e-02 1.000000000000000056e-01
5.701967704178796481e+01 1.682902490376605442e-01 1.000000000000000056e-01
5.722519057908733942e+01 -2.361228570247436709e-02 1.000000000000000056e-01
5.743252488495787844e+01 -2.725345462404977770e-01 1.000000000000000056e-01
5.757511620448724443e+01 -2.567009283832260014e-01 1.000000000000000056e-01
5.759464955561792721e+01 -1.426168366133376275e-01 1.000000000000000056e-01
5.761573344178368927e+01 -3.681097003719378813e-02 1.000000000000000056e-01
5.772285886041675695e+01 -1.835596639318717305e-01 1.000000000000000056e-01
5.775429488313754689e+01 -1.252978718020164306e-01 1.000000000000000056e-01
5.812728726358587039e+01 2.705647983121571842e-01 1.000000000000000056e-01
5.844760689557688949e+01 4.534996893843193377e-01 1.000000000000000056e-01
5.864101661863266912e+01 2.563145291651660607e-01 1.000000000000000056e-01
5.865129348100831663e+01 4.399506999885112735e-01 1.000000000000000056e-01
5.867843464581687840e+01 3.047613274023792673e-01 1.000000000000000056e-01
5.875996351963890163e+01 1.675520782490608485e-01 1.000000000000000056e-01
5.883171135536057506e+01 2.756690215119921294e-01 1.000000000000000056e-01
5.899099763545709862e+01 1.910329703933859313e-01 1.000000000000000056e-01
5.908727612481732194e+01 1.709822923529646932e-01 1.000000000000000056e-01
5.909841653236848913e+01 3.209362380910334434e-01 1.000000000000000056e-01
5.920419312718389904e+01 3.254952743279312388e-01 1.000000000000000056e-01
5.922304187618367877e+01 3.976480199153558659e-01 1.000000000000000056e-01
8.061939890460857328e+01 -7.195576166918954408e-01 1.000000000000000056e-01
8.073189587250107024e+01 -6.734762913720799826e-01 1.000000000000000056e-01
8.137978197024771987e+01 7.125649639816240555e-01 1.000000000000000056e-01
8.149664793702473276e+01 9.426607989797535225e-01 1.000000000000000056e-01
8.155238187685688445e+01 7.370912431422780298e-01 1.000000000000000056e-01
8.207671207013149228e+01 1.260016461353200778e+00 1.000000000000000056e-01
8.209932298479351687e+01 1.033316010088097592e+00 1.000000000000000056e-01
8.221177331942455169e+01 1.286698546846177793e+00 1.000000000000000056e-01
8.286569145557378135e+01 2.972373103989865761e+00 1.000000000000000056e-01
8.289400292173631613e+01 3.042031959242898154e+00 1.000000000000000056e-01
8.310484552361904775e+01 3.324371495788172926e+00 1.000000000000000056e-01
8.326198455479379845e+01 3.432192407739744322e+00 1.000000000000000056e-01
8.379449074988039570e+01 2.627096636723325496e+00 1.000000000000000056e-01
8.391891222586524179e+01 2.440879177688455748e+00 1.000000000000000056e-01
8.464086724711278009e+01 1.545687502471621455e+00 1.000000000000000056e-01
8.480082293222343992e+01 1.629074323053626872e+00 1.000000000000000056e-01
8.489435553129182210e+01 1.452276083887682034e+00 1.000000000000000056e-01
8.490383084285107884e+01 1.253240808802639439e+00 1.000000000000000056e-01
8.558033423926110572e+01 -3.644419734437172043e-01 1.000000000000000056e-01
8.577226441935546575e+01 -8.885841806903980178e-01 1.000000000000000056e-01
8.605511738287937362e+01 -1.551173036582483844e+00 1.000000000000000056e-01
8.621915174216833577e+01 -1.647113634104368840e+00 1.000000000000000056e-01
8.638556059232314510e+01 -1.542997186929916387e+00 1.000000000000000056e-01
8.663823259286292000e+01 -1.088785835366056443e+00 1.000000000000000056e-01
8.672894054624647708e+01 -1.099479392075782824e+00 1.000000000000000056e-01
8.681260573682142478e+01 -9.030658894798883063e-01 1.000000000000000056e-01
8.694885305466321768e+01 -6.183025987414940694e-01 1.000000000000000056e-01
8.700121482468190948e+01 -5.696292415073602733e-01 1.000000000000000056e-01
8.726506554473952804e+01 -3.951735312285716839e-01 1.000000000000000056e-01
8.742879666249470461e+01 -4.419498928426435769e-01 1.000000000000000056e-01
8.765052453165907309e+01 -3.106453818044993542e-01 1.000000000000000056e-01
8.811031971111616201e+01 2.569468935183580882e-01 1.000000000000000056e-01
8.817202123338397257e+01 2.146098252987267696e-01 1.000000000000000056e-01
8.817353618548527550e+01 1.580361209456116467e-01 1.000000000000000056e-01
8.820414102298896353e+01 3.230543744879899037e-01 1.000000000000000056e-01
8.917730007820797766e+01 1.728915654581338890e+00 1.000000000000000056e-01
8.919233550156721435e+01 1.692720134922071740e+00 1.000000000000000056e-01
8.953858842882100078e+01 1.161704309975166050e+00 1.000000000000000056e-01
8.965465958510630173e+01 6.517215611455658975e-01 1.000000000000000056e-01
8.966712930403420501e+01 7.686631083931111386e-01 1.000000000000000056e-01
8.967611582244097690e+01 8.307201259263583548e-01 1.000000000000000056e-01
9.037197397459334525e+01 3.916028931043644135e-02 1.000000000000000056e-01
9.039839549282369546e+01 6.773712286381060321e-02 1.000000000000000056e-01
9.040443929009576607e+01 1.265214287504288493e-01 1.000000000000000056e-01
9.049483455499269269e+01 -8.957509551237419210e-03 1.000000000000000056e-01
9.065554992211789909e+01 5.126344385025689149e-02 1.000000000000000056e-01
9.088437184127383262e+01 -2.114859134085725345e-01 1.000000000000000056e-01
9.194826137446735004e+01 -2.253080511416387210e+00 1.000000000000000056e-01
9.249669119531921524e+01 -1.382864969915580389e+00 1.000000000000000056e-01
9.255966382926609981e+01 -1.363734819735989978e+00 1.000000000000000056e-01
9.280812934655908464e+01 -1.019690653602409958e+00 1.000000000000000056e-01
9.292914173027139668e+01 -9.216483696064712294e-01 1.000000000000000056e-01
9.292961975762140980e+01 -9.086168171249161540e-01 1.000000000000000056e-01
9.295293167921904853e+01 -1.022533672913369607e+00 1.000000000000000056e-01
9.342139979247937731e+01 -1.005198362500712816e+00 1.000000000000000056e-01
9.402096893547673062e+01 -5.180407703981479983e-01 1.000000000000000056e-01
9.404319452528130796e+01 -6.450622308357704116e-01 1.000000000000000056e-01
9.413777047064985481e+01 -2.377342061712862109e-01 1.000000000000000056e-01
9.425835996979303388e+01 2.427891900125485336e-02 1.000000000000000056e-01
9.437480785146242113e+01 6.583688294294529064e-02 1.000000000000000056e-01
9.443723899839335445e+01 2.015952066775565932e-01 1.000000000000000056e-01
9.446689170495838539e+01 1.781116905225891556e-01 1.000000000000000056e-01
9.453015334790795521e+01 4.071083422754113723e-01 1.000000000000000056e-01
9.473705904889241936e+01 2.967585333885862098e-01 1.000000000000000056e-01
9.493188224156814670e+01 1.827003746848595012e-01 1.000000000000000056e-01
9.509526110553940725e+01 -2.180191506728001993e-01 1.000000000000000056e-01
9.518744768327361783e+01 -3.648662024150563510e-01 1.000000000000000056e-01
9.527490115169850071e+01 -7.922003230690924935e-01 1.000000000000000056e-01
9.527916569719445761e+01 -4.921899806083972484e-01 1.000000000000000056e-01
9.560836347232239518e+01 -1.587009036315060406e+00 1.000000000000000056e-01
9.564057227959487761e+01 -1.552788068429848733e+00 1.000000000000000056e-01
9.589827218634735573e+01 -1.967014609899447430e+00 1.000000000000000056e-01
9.591666030352224936e+01 -2.039055365561143418e+00 1.000000000000000056e-01
9.594333408334250635e+01 -2.074220517389542717e+00 1.000000000000000056e-01
9.608346580630001199e+01 -1.975254624354778832e+00 1.000000000000000056e-01
9.615701545414985674e+01 -2.149003075475580449e+00 1.000000000000000056e-01
9.619363785472290829e+01 -2.081110615583443568e+00 1.000000000000000056e-01
9.621885451174382808e+01 -2.196248459747559778e+00 1.000000000000000056e-01
9.636627605010292541e+01 -2.235238191806864450e+00 1.000000000000000056e-01
9.677946717985018665e+01 -2.583700430103993195e+00 1.000000000000000056e-01
9.679655666042270923e+01 -2.569730154407377842e+00 1.000000000000000056e-01
9.689717046703518122e+01 -2.884271539850315591e+00 1.000000000000000056e-01
9.729194890231302395e+01 -3.853141486720762288e+00 1.000000000000000056e-01
9.742562128180503578e+01 -3.692136380617812019e+00 1.000000000000000056e-01
9.755215050028857604e+01 -4.047582780720330398e+00 1.000000000000000056e-01
9.764594650133957998e+01 -4.094549741817933075e+00 1.000000000000000056e-01
9.767610881903371478e+01 -3.660257401889750462e+00 1.000000000000000056e-01
9.774951397444468171e+01 -3.882114577721101689e+00 1.000000000000000056e-01
9.786183422327640358e+01 -3.796977132473501548e+00 1.000000000000000056e-01
9.818293898182531620e+01 -2.833164902288280551e+00 1.000000000000000056e-01
9.854914276432975839e+01 -1.638594332019385202e+00 1.000000000000000056e-01
9.883738380592261308e+01 -1.096389748490605998e+00 1.000000000000000056e-01
9.894097772844314420e+01 -1.065373150654264744e+00 1.000000000000000056e-01
9.903389473967042989e+01 -6.927735603052662672e-01 1.000000000000000056e-01
9.903450015608939339e+01 -9.265447154618762227e-01 1.000000000000000056e-01
9.920112434144741087e+01 -8.073807550952420975e-01 1.000000000000000056e-01
9.944007896476793462e+01 -2.287681405584314209e-01 1.000000000000000056e-01
9.988470065678664866e+01 1.030678707192727250e+00 1.000000000000000056e-01
